<SCENE encoding='utf-8' id='0' version='3.00000'>
	<PROPERTY classId='UnicodeString' name='NAME_PROPERTY' stringId='NAME'>MODEL_TREE_NAME</PROPERTY>
	<PROPERTY classId='String' name='COMMENT_PROPERTY' stringId='COMMENT'/>
	<PROPERTY classId='Bool' name='PROTECTED_PROPERTY' stringId='PROTECTED'>FALSE</PROPERTY>
	<PROPERTY classId='Bool' name='TRANSPARENT_PROPERTY' stringId='MATERIAL_TRANSPARENCY'>FALSE</PROPERTY>
	<PROPERTY classId='Bool' name='VISIBLE_PROPERTY' stringId='MATERIAL_VISIBILITY'>TRUE</PROPERTY>
	<PROPERTY classId='Bool' name='CLICKABLE_PROPERTY' stringId='CLICKABLE'>TRUE</PROPERTY>
	<GEOMETRY_NODE id='1'>
		<PROPERTY classId='UnicodeString' name='NAME_PROPERTY' stringId='NAME'>GEOMETRY_NODE_NAME</PROPERTY>
		<PROPERTY classId='String' name='COMMENT_PROPERTY' stringId='COMMENT'/>
		<PROPERTY classId='Bool' name='PROTECTED_PROPERTY' stringId='PROTECTED'>FALSE</PROPERTY>
		<PROPERTY classId='Bool' name='TRANSPARENT_PROPERTY' stringId='MATERIAL_TRANSPARENCY'>FALSE</PROPERTY>
		<PROPERTY classId='Bool' name='VISIBLE_PROPERTY' stringId='MATERIAL_VISIBILITY'>TRUE</PROPERTY>
		<PROPERTY classId='Bool' name='CLICKABLE_PROPERTY' stringId='CLICKABLE'>TRUE</PROPERTY>
		<POLYHEDRON id='2' isConstructed='TRUE' isLocked='FALSE'>
			<PROPERTY classId='UnicodeString' name='NAME_PROPERTY' stringId='NAME'>Base</PROPERTY>
			<PROPERTY classId='String' name='COMMENT_PROPERTY' stringId='COMMENT'/>
			<PROPERTY classId='Bool' name='PROTECTED_PROPERTY' stringId='PROTECTED'>FALSE</PROPERTY>
			<PROPERTY classId='Bool' name='TRANSPARENT_PROPERTY' stringId='MATERIAL_TRANSPARENCY'>FALSE</PROPERTY>
			<PROPERTY classId='Bool' name='VISIBLE_PROPERTY' stringId='MATERIAL_VISIBILITY'>TRUE</PROPERTY>
			<PROPERTY classId='Bool' name='CLICKABLE_PROPERTY' stringId='CLICKABLE'>TRUE</PROPERTY>
			<PROPERTY classId='Bool' name='Use Main Material' stringId='POLYHEDRON_USEMAINMATERIAL'>FALSE</PROPERTY>
			<PROPERTY classId='Integer' name='Vertices' stringId='VERTEX_COUNT'>11963</PROPERTY>
			<PROPERTY classId='Integer' name='Triangles' stringId='TRIANGLE_COUNT'>13246</PROPERTY>
			<PROPERTY classId='Bool' name='Prevent Copy' stringId='com.kineocam.property.prevent-copy'>TRUE</PROPERTY>
			<PROPERTY classId='Double' name='MassDensity' stringId='com.kineocam.kitenet.property.MassDensity'>0</PROPERTY>
			<PROPERTY classId='Double' name='TotalMass' stringId='com.kineocam.kitenet.property.TotalMass'>0</PROPERTY>
			<PROPERTY classId='Bool' name='MassDensity.UpToDate' stringId='com.kineocam.kitenet.property.MassDensity.UpToDate'>TRUE</PROPERTY>
			<PROPERTY classId='Bool' name='TotalMass.UpToDate' stringId='com.kineocam.kitenet.property.TotalMass.UpToDate'>TRUE</PROPERTY>
			<PROPERTY classId='String' name='com.staubli.Id' stringId='com.staubli.Id'>bba2b787-3c65-4555-afb4-56141384f1fc</PROPERTY>
			<PROPERTY classId='Bool' name='COLLISION_ACTIVATED_PROPERTY' stringId='SOLID_ACTIVATED'>TRUE</PROPERTY>
			<PROPERTY classId='Double' name='COLLISION_TOLERANCE_PROPERTY' stringId='SOLID_TOLERANCE'>0</PROPERTY>
			<PROPERTY classId='Color' name='Diffuse Color' stringId='GEOMETRY_DIFFUSE_COLOR'>0 0 0 1 </PROPERTY>
			<PROPERTY classId='Color' name='Specular Color' stringId='GEOMETRY_SPECULAR_COLOR'>0.77459698915481567 0.77459698915481567 0.77459698915481567 0.40000000596046448 </PROPERTY>
			<PROPERTY classId='Color' name='Ambient Color' stringId='GEOMETRY_AMBIENT_COLOR'>0.34999999403953552 0.34999999403953552 0.34999999403953552 0.40000000596046448 </PROPERTY>
			<PROPERTY classId='Double' name='Shininess' stringId='GEOMETRY_SHININESS'>11.263999999999999</PROPERTY>
			<MOTION_FRAME>
				1 0 0 -38.813426971435547 
				0 1 0 0 
				0 0 1 93.249999999305331 
				0 0 0 1 
			</MOTION_FRAME>
			<RELATIVE_POSITION>
				1 0 0 0 
				0 1 0 0 
				0 0 1 0 
				0 0 0 1 
			</RELATIVE_POSITION>
			<ABSOLUTE_FILENAME>%ROBOTLIBV1%/TX60-HB-WS.wrl</ABSOLUTE_FILENAME>
			<RELATIVE_FILENAME>../../../../Public/Documents/Staubli.Public/3D/2.0/Robots/TX60-HB-WS.wrl</RELATIVE_FILENAME>
			<ADDRESS>;0</ADDRESS>
			<LOADING_OPTIONS/>
			<GEOMETRY_SCALE>1</GEOMETRY_SCALE>
		</POLYHEDRON>
		<POLYHEDRON id='3' isConstructed='TRUE' isLocked='FALSE'>
			<PROPERTY classId='UnicodeString' name='NAME_PROPERTY' stringId='NAME'>J1</PROPERTY>
			<PROPERTY classId='String' name='COMMENT_PROPERTY' stringId='COMMENT'/>
			<PROPERTY classId='Bool' name='PROTECTED_PROPERTY' stringId='PROTECTED'>FALSE</PROPERTY>
			<PROPERTY classId='Bool' name='TRANSPARENT_PROPERTY' stringId='MATERIAL_TRANSPARENCY'>FALSE</PROPERTY>
			<PROPERTY classId='Bool' name='VISIBLE_PROPERTY' stringId='MATERIAL_VISIBILITY'>TRUE</PROPERTY>
			<PROPERTY classId='Bool' name='CLICKABLE_PROPERTY' stringId='CLICKABLE'>TRUE</PROPERTY>
			<PROPERTY classId='Bool' name='Use Main Material' stringId='POLYHEDRON_USEMAINMATERIAL'>FALSE</PROPERTY>
			<PROPERTY classId='Integer' name='Vertices' stringId='VERTEX_COUNT'>3528</PROPERTY>
			<PROPERTY classId='Integer' name='Triangles' stringId='TRIANGLE_COUNT'>4022</PROPERTY>
			<PROPERTY classId='Bool' name='Prevent Copy' stringId='com.kineocam.property.prevent-copy'>TRUE</PROPERTY>
			<PROPERTY classId='Double' name='MassDensity' stringId='com.kineocam.kitenet.property.MassDensity'>0</PROPERTY>
			<PROPERTY classId='Double' name='TotalMass' stringId='com.kineocam.kitenet.property.TotalMass'>0</PROPERTY>
			<PROPERTY classId='Bool' name='MassDensity.UpToDate' stringId='com.kineocam.kitenet.property.MassDensity.UpToDate'>TRUE</PROPERTY>
			<PROPERTY classId='Bool' name='TotalMass.UpToDate' stringId='com.kineocam.kitenet.property.TotalMass.UpToDate'>TRUE</PROPERTY>
			<PROPERTY classId='String' name='com.staubli.Id' stringId='com.staubli.Id'>a312db32-9615-4ad7-bb46-1661e287929b</PROPERTY>
			<PROPERTY classId='Bool' name='COLLISION_ACTIVATED_PROPERTY' stringId='SOLID_ACTIVATED'>TRUE</PROPERTY>
			<PROPERTY classId='Double' name='COLLISION_TOLERANCE_PROPERTY' stringId='SOLID_TOLERANCE'>0</PROPERTY>
			<PROPERTY classId='Color' name='Diffuse Color' stringId='GEOMETRY_DIFFUSE_COLOR'>0 0 0 1 </PROPERTY>
			<PROPERTY classId='Color' name='Specular Color' stringId='GEOMETRY_SPECULAR_COLOR'>0.77459698915481567 0.77459698915481567 0.77459698915481567 0.40000000596046448 </PROPERTY>
			<PROPERTY classId='Color' name='Ambient Color' stringId='GEOMETRY_AMBIENT_COLOR'>0.34999999403953552 0.34999999403953552 0.34999999403953552 0.40000000596046448 </PROPERTY>
			<PROPERTY classId='Double' name='Shininess' stringId='GEOMETRY_SHININESS'>11.263999999999999</PROPERTY>
			<MOTION_FRAME>
				1 0 0 0 
				0 1 0 22.175174713134766 
				0 0 1 325.75 
				0 0 0 1 
			</MOTION_FRAME>
			<RELATIVE_POSITION>
				1 -6.1232349246703293e-017 0 0 
				6.1232329394368592e-017 1 0 0 
				0 0 1 0 
				0 0 0 1 
			</RELATIVE_POSITION>
			<ABSOLUTE_FILENAME>%ROBOTLIBV1%/TX60-HB-WS.wrl</ABSOLUTE_FILENAME>
			<RELATIVE_FILENAME>../../../../Public/Documents/Staubli.Public/3D/2.0/Robots/TX60-HB-WS.wrl</RELATIVE_FILENAME>
			<ADDRESS>;1</ADDRESS>
			<LOADING_OPTIONS/>
			<GEOMETRY_SCALE>1</GEOMETRY_SCALE>
		</POLYHEDRON>
		<POLYHEDRON id='4' isConstructed='TRUE' isLocked='FALSE'>
			<PROPERTY classId='UnicodeString' name='NAME_PROPERTY' stringId='NAME'>J2</PROPERTY>
			<PROPERTY classId='String' name='COMMENT_PROPERTY' stringId='COMMENT'/>
			<PROPERTY classId='Bool' name='PROTECTED_PROPERTY' stringId='PROTECTED'>FALSE</PROPERTY>
			<PROPERTY classId='Bool' name='TRANSPARENT_PROPERTY' stringId='MATERIAL_TRANSPARENCY'>FALSE</PROPERTY>
			<PROPERTY classId='Bool' name='VISIBLE_PROPERTY' stringId='MATERIAL_VISIBILITY'>TRUE</PROPERTY>
			<PROPERTY classId='Bool' name='CLICKABLE_PROPERTY' stringId='CLICKABLE'>TRUE</PROPERTY>
			<PROPERTY classId='Bool' name='Use Main Material' stringId='POLYHEDRON_USEMAINMATERIAL'>FALSE</PROPERTY>
			<PROPERTY classId='Integer' name='Vertices' stringId='VERTEX_COUNT'>6831</PROPERTY>
			<PROPERTY classId='Integer' name='Triangles' stringId='TRIANGLE_COUNT'>8563</PROPERTY>
			<PROPERTY classId='Bool' name='Prevent Copy' stringId='com.kineocam.property.prevent-copy'>TRUE</PROPERTY>
			<PROPERTY classId='Double' name='MassDensity' stringId='com.kineocam.kitenet.property.MassDensity'>0</PROPERTY>
			<PROPERTY classId='Double' name='TotalMass' stringId='com.kineocam.kitenet.property.TotalMass'>0</PROPERTY>
			<PROPERTY classId='Bool' name='MassDensity.UpToDate' stringId='com.kineocam.kitenet.property.MassDensity.UpToDate'>TRUE</PROPERTY>
			<PROPERTY classId='Bool' name='TotalMass.UpToDate' stringId='com.kineocam.kitenet.property.TotalMass.UpToDate'>TRUE</PROPERTY>
			<PROPERTY classId='String' name='com.staubli.Id' stringId='com.staubli.Id'>2b0af33d-fa6d-4b36-8e69-6e1c7f9223bf</PROPERTY>
			<PROPERTY classId='Bool' name='COLLISION_ACTIVATED_PROPERTY' stringId='SOLID_ACTIVATED'>TRUE</PROPERTY>
			<PROPERTY classId='Double' name='COLLISION_TOLERANCE_PROPERTY' stringId='SOLID_TOLERANCE'>0</PROPERTY>
			<PROPERTY classId='Color' name='Diffuse Color' stringId='GEOMETRY_DIFFUSE_COLOR'>0 0 0 1 </PROPERTY>
			<PROPERTY classId='Color' name='Specular Color' stringId='GEOMETRY_SPECULAR_COLOR'>0.77459698915481567 0.77459698915481567 0.77459698915481567 0.40000000596046448 </PROPERTY>
			<PROPERTY classId='Color' name='Ambient Color' stringId='GEOMETRY_AMBIENT_COLOR'>0.34999999403953552 0.34999999403953552 0.34999999403953552 0.40000000596046448 </PROPERTY>
			<PROPERTY classId='Double' name='Shininess' stringId='GEOMETRY_SHININESS'>11.263999999999999</PROPERTY>
			<MOTION_FRAME>
				1 0 0 0 
				0 1 0 176.5 
				0 0 1 511.69261169433594 
				0 0 0 1 
			</MOTION_FRAME>
			<RELATIVE_POSITION>
				1 6.0016698148715762e-017 3.3476767013629479e-017 -1.8555456108258761e-014 
				-6.0016704766160662e-017 1 4.5425516693411072e-017 -4.0724297171263954e-014 
				-3.3476763704907029e-017 -4.5425516693411072e-017 1 -8.6598835876772542e-015 
				0 0 0 1 
			</RELATIVE_POSITION>
			<ABSOLUTE_FILENAME>%ROBOTLIBV1%/TX60-HB-WS.wrl</ABSOLUTE_FILENAME>
			<RELATIVE_FILENAME>../../../../Public/Documents/Staubli.Public/3D/2.0/Robots/TX60-HB-WS.wrl</RELATIVE_FILENAME>
			<ADDRESS>;2</ADDRESS>
			<LOADING_OPTIONS/>
			<GEOMETRY_SCALE>1</GEOMETRY_SCALE>
		</POLYHEDRON>
		<POLYHEDRON id='5' isConstructed='TRUE' isLocked='FALSE'>
			<PROPERTY classId='UnicodeString' name='NAME_PROPERTY' stringId='NAME'>J3</PROPERTY>
			<PROPERTY classId='String' name='COMMENT_PROPERTY' stringId='COMMENT'/>
			<PROPERTY classId='Bool' name='PROTECTED_PROPERTY' stringId='PROTECTED'>FALSE</PROPERTY>
			<PROPERTY classId='Bool' name='TRANSPARENT_PROPERTY' stringId='MATERIAL_TRANSPARENCY'>FALSE</PROPERTY>
			<PROPERTY classId='Bool' name='VISIBLE_PROPERTY' stringId='MATERIAL_VISIBILITY'>TRUE</PROPERTY>
			<PROPERTY classId='Bool' name='CLICKABLE_PROPERTY' stringId='CLICKABLE'>TRUE</PROPERTY>
			<PROPERTY classId='Bool' name='Use Main Material' stringId='POLYHEDRON_USEMAINMATERIAL'>TRUE</PROPERTY>
			<PROPERTY classId='Integer' name='Vertices' stringId='VERTEX_COUNT'>2050</PROPERTY>
			<PROPERTY classId='Integer' name='Triangles' stringId='TRIANGLE_COUNT'>2170</PROPERTY>
			<PROPERTY classId='Bool' name='Prevent Copy' stringId='com.kineocam.property.prevent-copy'>TRUE</PROPERTY>
			<PROPERTY classId='Double' name='MassDensity' stringId='com.kineocam.kitenet.property.MassDensity'>0</PROPERTY>
			<PROPERTY classId='Double' name='TotalMass' stringId='com.kineocam.kitenet.property.TotalMass'>0</PROPERTY>
			<PROPERTY classId='Bool' name='MassDensity.UpToDate' stringId='com.kineocam.kitenet.property.MassDensity.UpToDate'>TRUE</PROPERTY>
			<PROPERTY classId='Bool' name='TotalMass.UpToDate' stringId='com.kineocam.kitenet.property.TotalMass.UpToDate'>TRUE</PROPERTY>
			<PROPERTY classId='String' name='com.staubli.Id' stringId='com.staubli.Id'>8f36c233-e692-4f97-a6b0-e9db94bd71a9</PROPERTY>
			<PROPERTY classId='Bool' name='COLLISION_ACTIVATED_PROPERTY' stringId='SOLID_ACTIVATED'>TRUE</PROPERTY>
			<PROPERTY classId='Double' name='COLLISION_TOLERANCE_PROPERTY' stringId='SOLID_TOLERANCE'>0</PROPERTY>
			<PROPERTY classId='Color' name='Diffuse Color' stringId='GEOMETRY_DIFFUSE_COLOR'>1 0.55201143026351929 0.10224173963069916 1 </PROPERTY>
			<PROPERTY classId='Color' name='Specular Color' stringId='GEOMETRY_SPECULAR_COLOR'>0.77459698915481567 0.77459698915481567 0.77459698915481567 0.40000000596046448 </PROPERTY>
			<PROPERTY classId='Color' name='Ambient Color' stringId='GEOMETRY_AMBIENT_COLOR'>0.34999999403953552 0.34999999403953552 0.34999999403953552 0.40000000596046448 </PROPERTY>
			<PROPERTY classId='Double' name='Shininess' stringId='GEOMETRY_SHININESS'>11.263999999999999</PROPERTY>
			<MOTION_FRAME>
				1 0 0 2.4999847412109375 
				0 1 0 36.886371612548828 
				0 0 1 655.40505981445312 
				0 0 0 1 
			</MOTION_FRAME>
			<RELATIVE_POSITION>
				1 1.0188406765872793e-016 -1.0530111768195999e-016 1.0246939744201072e-013 
				-1.0188410736339734e-016 1 2.5452410313983216e-017 -4.4462900700668884e-014 
				1.0530111106451509e-016 -2.5452410313983216e-017 1 9.7741950709322178e-014 
				0 0 0 1 
			</RELATIVE_POSITION>
			<ABSOLUTE_FILENAME>%ROBOTLIBV1%/TX60-HB-WS.wrl</ABSOLUTE_FILENAME>
			<RELATIVE_FILENAME>../../../../Public/Documents/Staubli.Public/3D/2.0/Robots/TX60-HB-WS.wrl</RELATIVE_FILENAME>
			<ADDRESS>;3</ADDRESS>
			<LOADING_OPTIONS/>
			<GEOMETRY_SCALE>1</GEOMETRY_SCALE>
		</POLYHEDRON>
		<POLYHEDRON id='6' isConstructed='TRUE' isLocked='FALSE'>
			<PROPERTY classId='UnicodeString' name='NAME_PROPERTY' stringId='NAME'>J4</PROPERTY>
			<PROPERTY classId='String' name='COMMENT_PROPERTY' stringId='COMMENT'/>
			<PROPERTY classId='Bool' name='PROTECTED_PROPERTY' stringId='PROTECTED'>FALSE</PROPERTY>
			<PROPERTY classId='Bool' name='TRANSPARENT_PROPERTY' stringId='MATERIAL_TRANSPARENCY'>FALSE</PROPERTY>
			<PROPERTY classId='Bool' name='VISIBLE_PROPERTY' stringId='MATERIAL_VISIBILITY'>TRUE</PROPERTY>
			<PROPERTY classId='Bool' name='CLICKABLE_PROPERTY' stringId='CLICKABLE'>TRUE</PROPERTY>
			<PROPERTY classId='Bool' name='Use Main Material' stringId='POLYHEDRON_USEMAINMATERIAL'>FALSE</PROPERTY>
			<PROPERTY classId='Integer' name='Vertices' stringId='VERTEX_COUNT'>13257</PROPERTY>
			<PROPERTY classId='Integer' name='Triangles' stringId='TRIANGLE_COUNT'>13930</PROPERTY>
			<PROPERTY classId='Bool' name='Prevent Copy' stringId='com.kineocam.property.prevent-copy'>TRUE</PROPERTY>
			<PROPERTY classId='Double' name='MassDensity' stringId='com.kineocam.kitenet.property.MassDensity'>0</PROPERTY>
			<PROPERTY classId='Double' name='TotalMass' stringId='com.kineocam.kitenet.property.TotalMass'>0</PROPERTY>
			<PROPERTY classId='Bool' name='MassDensity.UpToDate' stringId='com.kineocam.kitenet.property.MassDensity.UpToDate'>TRUE</PROPERTY>
			<PROPERTY classId='Bool' name='TotalMass.UpToDate' stringId='com.kineocam.kitenet.property.TotalMass.UpToDate'>TRUE</PROPERTY>
			<PROPERTY classId='String' name='com.staubli.Id' stringId='com.staubli.Id'>1e046fdd-c616-4ad1-96a0-46d3fec85db4</PROPERTY>
			<PROPERTY classId='Bool' name='COLLISION_ACTIVATED_PROPERTY' stringId='SOLID_ACTIVATED'>TRUE</PROPERTY>
			<PROPERTY classId='Double' name='COLLISION_TOLERANCE_PROPERTY' stringId='SOLID_TOLERANCE'>0</PROPERTY>
			<PROPERTY classId='Color' name='Diffuse Color' stringId='GEOMETRY_DIFFUSE_COLOR'>0 0 0 1 </PROPERTY>
			<PROPERTY classId='Color' name='Specular Color' stringId='GEOMETRY_SPECULAR_COLOR'>0.77459698915481567 0.77459698915481567 0.77459698915481567 0.40000000596046448 </PROPERTY>
			<PROPERTY classId='Color' name='Ambient Color' stringId='GEOMETRY_AMBIENT_COLOR'>0.34999999403953552 0.34999999403953552 0.34999999403953552 0.40000000596046448 </PROPERTY>
			<PROPERTY classId='Double' name='Shininess' stringId='GEOMETRY_SHININESS'>11.263999999999999</PROPERTY>
			<MOTION_FRAME>
				1 0 0 -5.2905731201171875 
				0 1 0 20 
				0 0 1 894.2491455078125 
				0 0 0 1 
			</MOTION_FRAME>
			<RELATIVE_POSITION>
				1 3.6779537072153658e-017 -1.1146561833128487e-016 8.5594536016267431e-014 
				-3.6779533763431208e-017 1 1.0437090345230736e-016 -2.2944092372551017e-013 
				1.1146561833128487e-016 -1.0437089683486246e-016 1 1.6940929995629128e-014 
				0 0 0 1 
			</RELATIVE_POSITION>
			<ABSOLUTE_FILENAME>%ROBOTLIBV1%/TX60-HB-WS.wrl</ABSOLUTE_FILENAME>
			<RELATIVE_FILENAME>../../../../Public/Documents/Staubli.Public/3D/2.0/Robots/TX60-HB-WS.wrl</RELATIVE_FILENAME>
			<ADDRESS>;4</ADDRESS>
			<LOADING_OPTIONS/>
			<GEOMETRY_SCALE>1</GEOMETRY_SCALE>
		</POLYHEDRON>
		<POLYHEDRON id='7' isConstructed='TRUE' isLocked='FALSE'>
			<PROPERTY classId='UnicodeString' name='NAME_PROPERTY' stringId='NAME'>J5</PROPERTY>
			<PROPERTY classId='String' name='COMMENT_PROPERTY' stringId='COMMENT'/>
			<PROPERTY classId='Bool' name='PROTECTED_PROPERTY' stringId='PROTECTED'>FALSE</PROPERTY>
			<PROPERTY classId='Bool' name='TRANSPARENT_PROPERTY' stringId='MATERIAL_TRANSPARENCY'>FALSE</PROPERTY>
			<PROPERTY classId='Bool' name='VISIBLE_PROPERTY' stringId='MATERIAL_VISIBILITY'>TRUE</PROPERTY>
			<PROPERTY classId='Bool' name='CLICKABLE_PROPERTY' stringId='CLICKABLE'>TRUE</PROPERTY>
			<PROPERTY classId='Bool' name='Use Main Material' stringId='POLYHEDRON_USEMAINMATERIAL'>FALSE</PROPERTY>
			<PROPERTY classId='Integer' name='Vertices' stringId='VERTEX_COUNT'>6624</PROPERTY>
			<PROPERTY classId='Integer' name='Triangles' stringId='TRIANGLE_COUNT'>9280</PROPERTY>
			<PROPERTY classId='Bool' name='Prevent Copy' stringId='com.kineocam.property.prevent-copy'>TRUE</PROPERTY>
			<PROPERTY classId='Double' name='MassDensity' stringId='com.kineocam.kitenet.property.MassDensity'>0</PROPERTY>
			<PROPERTY classId='Double' name='TotalMass' stringId='com.kineocam.kitenet.property.TotalMass'>0</PROPERTY>
			<PROPERTY classId='Bool' name='MassDensity.UpToDate' stringId='com.kineocam.kitenet.property.MassDensity.UpToDate'>TRUE</PROPERTY>
			<PROPERTY classId='Bool' name='TotalMass.UpToDate' stringId='com.kineocam.kitenet.property.TotalMass.UpToDate'>TRUE</PROPERTY>
			<PROPERTY classId='String' name='com.staubli.Id' stringId='com.staubli.Id'>a882a76c-6820-4031-84c7-1dbc5141c5ad</PROPERTY>
			<PROPERTY classId='Bool' name='COLLISION_ACTIVATED_PROPERTY' stringId='SOLID_ACTIVATED'>TRUE</PROPERTY>
			<PROPERTY classId='Double' name='COLLISION_TOLERANCE_PROPERTY' stringId='SOLID_TOLERANCE'>0</PROPERTY>
			<PROPERTY classId='Color' name='Diffuse Color' stringId='GEOMETRY_DIFFUSE_COLOR'>0 0 0 1 </PROPERTY>
			<PROPERTY classId='Color' name='Specular Color' stringId='GEOMETRY_SPECULAR_COLOR'>0.77459698915481567 0.77459698915481567 0.77459698915481567 0.40000000596046448 </PROPERTY>
			<PROPERTY classId='Color' name='Ambient Color' stringId='GEOMETRY_AMBIENT_COLOR'>0.34999999403953552 0.34999999403953552 0.34999999403953552 0.40000000596046448 </PROPERTY>
			<PROPERTY classId='Double' name='Shininess' stringId='GEOMETRY_SHININESS'>11.263999999999999</PROPERTY>
			<MOTION_FRAME>
				1 0 0 1.1444091796875e-005 
				0 1 0 20.000036239624023 
				0 0 1 988.7528076171875 
				0 0 0 1 
			</MOTION_FRAME>
			<RELATIVE_POSITION>
				1 5.8272313203184336e-017 -1.0530111768195999e-016 1.0150314291336449e-013 
				-5.8272280115959833e-017 1 1.6775961329426289e-016 -3.3778727970106004e-013 
				1.0530111106451509e-016 -1.6775961329426289e-016 1 -2.3197080107478785e-013 
				0 0 0 1 
			</RELATIVE_POSITION>
			<ABSOLUTE_FILENAME>%ROBOTLIBV1%/TX60-HB-WS.wrl</ABSOLUTE_FILENAME>
			<RELATIVE_FILENAME>../../../../Public/Documents/Staubli.Public/3D/2.0/Robots/TX60-HB-WS.wrl</RELATIVE_FILENAME>
			<ADDRESS>;5</ADDRESS>
			<LOADING_OPTIONS/>
			<GEOMETRY_SCALE>1</GEOMETRY_SCALE>
		</POLYHEDRON>
		<POLYHEDRON id='8' isConstructed='TRUE' isLocked='FALSE'>
			<PROPERTY classId='UnicodeString' name='NAME_PROPERTY' stringId='NAME'>J6</PROPERTY>
			<PROPERTY classId='String' name='COMMENT_PROPERTY' stringId='COMMENT'/>
			<PROPERTY classId='Bool' name='PROTECTED_PROPERTY' stringId='PROTECTED'>FALSE</PROPERTY>
			<PROPERTY classId='Bool' name='TRANSPARENT_PROPERTY' stringId='MATERIAL_TRANSPARENCY'>FALSE</PROPERTY>
			<PROPERTY classId='Bool' name='VISIBLE_PROPERTY' stringId='MATERIAL_VISIBILITY'>TRUE</PROPERTY>
			<PROPERTY classId='Bool' name='CLICKABLE_PROPERTY' stringId='CLICKABLE'>TRUE</PROPERTY>
			<PROPERTY classId='Bool' name='Use Main Material' stringId='POLYHEDRON_USEMAINMATERIAL'>FALSE</PROPERTY>
			<PROPERTY classId='Integer' name='Vertices' stringId='VERTEX_COUNT'>1000</PROPERTY>
			<PROPERTY classId='Integer' name='Triangles' stringId='TRIANGLE_COUNT'>980</PROPERTY>
			<PROPERTY classId='Bool' name='Prevent Copy' stringId='com.kineocam.property.prevent-copy'>TRUE</PROPERTY>
			<PROPERTY classId='Double' name='MassDensity' stringId='com.kineocam.kitenet.property.MassDensity'>0</PROPERTY>
			<PROPERTY classId='Double' name='TotalMass' stringId='com.kineocam.kitenet.property.TotalMass'>0</PROPERTY>
			<PROPERTY classId='Bool' name='MassDensity.UpToDate' stringId='com.kineocam.kitenet.property.MassDensity.UpToDate'>TRUE</PROPERTY>
			<PROPERTY classId='Bool' name='TotalMass.UpToDate' stringId='com.kineocam.kitenet.property.TotalMass.UpToDate'>TRUE</PROPERTY>
			<PROPERTY classId='String' name='com.staubli.Id' stringId='com.staubli.Id'>9e001022-8bb8-414d-83d6-64daea1cce9b</PROPERTY>
			<PROPERTY classId='Bool' name='COLLISION_ACTIVATED_PROPERTY' stringId='SOLID_ACTIVATED'>TRUE</PROPERTY>
			<PROPERTY classId='Double' name='COLLISION_TOLERANCE_PROPERTY' stringId='SOLID_TOLERANCE'>0</PROPERTY>
			<PROPERTY classId='Color' name='Diffuse Color' stringId='GEOMETRY_DIFFUSE_COLOR'>0 0 0 1 </PROPERTY>
			<PROPERTY classId='Color' name='Specular Color' stringId='GEOMETRY_SPECULAR_COLOR'>0.77459698915481567 0.77459698915481567 0.77459698915481567 0.40000000596046448 </PROPERTY>
			<PROPERTY classId='Color' name='Ambient Color' stringId='GEOMETRY_AMBIENT_COLOR'>0.34999999403953552 0.34999999403953552 0.34999999403953552 0.40000000596046448 </PROPERTY>
			<PROPERTY classId='Double' name='Shininess' stringId='GEOMETRY_SHININESS'>11.263999999999999</PROPERTY>
			<MOTION_FRAME>
				1 0 0 1.1444091796875e-005 
				0 1 0 20 
				0 0 1 1036.75 
				0 0 0 1 
			</MOTION_FRAME>
			<RELATIVE_POSITION>
				1 8.5902772788080928e-018 -2.7776046681428376e-017 -1.9851951842380505e-013 
				-8.5902838962529933e-018 1 1.9052151609552142e-017 -1.0093295421459078e-013 
				2.7776040063983475e-017 -1.9052151609552142e-017 1 2.3163217763126631e-013 
				0 0 0 1 
			</RELATIVE_POSITION>
			<ABSOLUTE_FILENAME>%ROBOTLIBV1%/TX60-HB-WS.wrl</ABSOLUTE_FILENAME>
			<RELATIVE_FILENAME>../../../../Public/Documents/Staubli.Public/3D/2.0/Robots/TX60-HB-WS.wrl</RELATIVE_FILENAME>
			<ADDRESS>;6</ADDRESS>
			<LOADING_OPTIONS/>
			<GEOMETRY_SCALE>1</GEOMETRY_SCALE>
		</POLYHEDRON>
		<POLYHEDRON id='9' isConstructed='FALSE' isLocked='FALSE'>
			<PROPERTY classId='UnicodeString' name='NAME_PROPERTY' stringId='NAME'>Workspace_Lefty</PROPERTY>
			<PROPERTY classId='String' name='COMMENT_PROPERTY' stringId='COMMENT'/>
			<PROPERTY classId='Bool' name='PROTECTED_PROPERTY' stringId='PROTECTED'>FALSE</PROPERTY>
			<PROPERTY classId='Bool' name='TRANSPARENT_PROPERTY' stringId='MATERIAL_TRANSPARENCY'>TRUE</PROPERTY>
			<PROPERTY classId='Bool' name='VISIBLE_PROPERTY' stringId='MATERIAL_VISIBILITY'>FALSE</PROPERTY>
			<PROPERTY classId='Bool' name='CLICKABLE_PROPERTY' stringId='CLICKABLE'>TRUE</PROPERTY>
			<PROPERTY classId='Bool' name='Use Main Material' stringId='POLYHEDRON_USEMAINMATERIAL'>FALSE</PROPERTY>
			<PROPERTY classId='Integer' name='Vertices' stringId='VERTEX_COUNT'>1856</PROPERTY>
			<PROPERTY classId='Integer' name='Triangles' stringId='TRIANGLE_COUNT'>3220</PROPERTY>
			<PROPERTY classId='Bool' name='Prevent Copy' stringId='com.kineocam.property.prevent-copy'>TRUE</PROPERTY>
			<PROPERTY classId='Double' name='MassDensity' stringId='com.kineocam.kitenet.property.MassDensity'>0</PROPERTY>
			<PROPERTY classId='Double' name='TotalMass' stringId='com.kineocam.kitenet.property.TotalMass'>0</PROPERTY>
			<PROPERTY classId='Bool' name='MassDensity.UpToDate' stringId='com.kineocam.kitenet.property.MassDensity.UpToDate'>TRUE</PROPERTY>
			<PROPERTY classId='Bool' name='TotalMass.UpToDate' stringId='com.kineocam.kitenet.property.TotalMass.UpToDate'>TRUE</PROPERTY>
			<PROPERTY classId='String' name='com.staubli.Id' stringId='com.staubli.Id'>f8181c67-856f-4cca-8296-cf770fe11ff1</PROPERTY>
			<PROPERTY classId='Bool' name='COLLISION_ACTIVATED_PROPERTY' stringId='SOLID_ACTIVATED'>FALSE</PROPERTY>
			<PROPERTY classId='Double' name='COLLISION_TOLERANCE_PROPERTY' stringId='SOLID_TOLERANCE'>0</PROPERTY>
			<PROPERTY classId='Color' name='Diffuse Color' stringId='GEOMETRY_DIFFUSE_COLOR'>0 0 0 1 </PROPERTY>
			<PROPERTY classId='Color' name='Specular Color' stringId='GEOMETRY_SPECULAR_COLOR'>0.77459698915481567 0.77459698915481567 0.77459698915481567 0.40000000596046448 </PROPERTY>
			<PROPERTY classId='Color' name='Ambient Color' stringId='GEOMETRY_AMBIENT_COLOR'>0.34999999403953552 0.34999999403953552 0.34999999403953552 0.40000000596046448 </PROPERTY>
			<PROPERTY classId='Double' name='Shininess' stringId='GEOMETRY_SHININESS'>11.263999999999999</PROPERTY>
			<MOTION_FRAME>
				1 0 0 -0.152923583984375 
				0 1 0 -0.259490966796875 
				0 0 1 431.72971725463867 
				0 0 0 1 
			</MOTION_FRAME>
			<RELATIVE_POSITION>
				1 0 0 0 
				0 1 0 0 
				0 0 1 0 
				0 0 0 1 
			</RELATIVE_POSITION>
			<ABSOLUTE_FILENAME>%ROBOTLIBV1%/TX60-HB-WS.wrl</ABSOLUTE_FILENAME>
			<RELATIVE_FILENAME>../../../../Public/Documents/Staubli.Public/3D/2.0/Robots/TX60-HB-WS.wrl</RELATIVE_FILENAME>
			<ADDRESS>;7</ADDRESS>
			<LOADING_OPTIONS/>
			<GEOMETRY_SCALE>1</GEOMETRY_SCALE>
		</POLYHEDRON>
		<POLYHEDRON id='10' isConstructed='FALSE' isLocked='FALSE'>
			<PROPERTY classId='UnicodeString' name='NAME_PROPERTY' stringId='NAME'>Workspace_Righty</PROPERTY>
			<PROPERTY classId='String' name='COMMENT_PROPERTY' stringId='COMMENT'/>
			<PROPERTY classId='Bool' name='PROTECTED_PROPERTY' stringId='PROTECTED'>FALSE</PROPERTY>
			<PROPERTY classId='Bool' name='TRANSPARENT_PROPERTY' stringId='MATERIAL_TRANSPARENCY'>TRUE</PROPERTY>
			<PROPERTY classId='Bool' name='VISIBLE_PROPERTY' stringId='MATERIAL_VISIBILITY'>FALSE</PROPERTY>
			<PROPERTY classId='Bool' name='CLICKABLE_PROPERTY' stringId='CLICKABLE'>TRUE</PROPERTY>
			<PROPERTY classId='Bool' name='Use Main Material' stringId='POLYHEDRON_USEMAINMATERIAL'>FALSE</PROPERTY>
			<PROPERTY classId='Integer' name='Vertices' stringId='VERTEX_COUNT'>1956</PROPERTY>
			<PROPERTY classId='Integer' name='Triangles' stringId='TRIANGLE_COUNT'>3196</PROPERTY>
			<PROPERTY classId='Bool' name='Prevent Copy' stringId='com.kineocam.property.prevent-copy'>TRUE</PROPERTY>
			<PROPERTY classId='Double' name='MassDensity' stringId='com.kineocam.kitenet.property.MassDensity'>0</PROPERTY>
			<PROPERTY classId='Double' name='TotalMass' stringId='com.kineocam.kitenet.property.TotalMass'>0</PROPERTY>
			<PROPERTY classId='Bool' name='MassDensity.UpToDate' stringId='com.kineocam.kitenet.property.MassDensity.UpToDate'>TRUE</PROPERTY>
			<PROPERTY classId='Bool' name='TotalMass.UpToDate' stringId='com.kineocam.kitenet.property.TotalMass.UpToDate'>TRUE</PROPERTY>
			<PROPERTY classId='String' name='com.staubli.Id' stringId='com.staubli.Id'>01f16f18-8de1-48f4-b789-730ee8b8897f</PROPERTY>
			<PROPERTY classId='Bool' name='COLLISION_ACTIVATED_PROPERTY' stringId='SOLID_ACTIVATED'>FALSE</PROPERTY>
			<PROPERTY classId='Double' name='COLLISION_TOLERANCE_PROPERTY' stringId='SOLID_TOLERANCE'>0</PROPERTY>
			<PROPERTY classId='Color' name='Diffuse Color' stringId='GEOMETRY_DIFFUSE_COLOR'>0 0 0 1 </PROPERTY>
			<PROPERTY classId='Color' name='Specular Color' stringId='GEOMETRY_SPECULAR_COLOR'>0.77459698915481567 0.77459698915481567 0.77459698915481567 0.40000000596046448 </PROPERTY>
			<PROPERTY classId='Color' name='Ambient Color' stringId='GEOMETRY_AMBIENT_COLOR'>0.34999999403953552 0.34999999403953552 0.34999999403953552 0.40000000596046448 </PROPERTY>
			<PROPERTY classId='Double' name='Shininess' stringId='GEOMETRY_SHININESS'>11.263999999999999</PROPERTY>
			<MOTION_FRAME>
				1 0 0 0.152923583984375 
				0 1 0 0.259490966796875 
				0 0 1 431.72971725463867 
				0 0 0 1 
			</MOTION_FRAME>
			<RELATIVE_POSITION>
				1 0 0 0 
				0 1 0 0 
				0 0 1 0 
				0 0 0 1 
			</RELATIVE_POSITION>
			<ABSOLUTE_FILENAME>%ROBOTLIBV1%/TX60-HB-WS.wrl</ABSOLUTE_FILENAME>
			<RELATIVE_FILENAME>../../../../Public/Documents/Staubli.Public/3D/2.0/Robots/TX60-HB-WS.wrl</RELATIVE_FILENAME>
			<ADDRESS>;8</ADDRESS>
			<LOADING_OPTIONS/>
			<GEOMETRY_SCALE>1</GEOMETRY_SCALE>
		</POLYHEDRON>
	</GEOMETRY_NODE>
	<ROBOT_NODE id='11'>
		<PROPERTY classId='UnicodeString' name='NAME_PROPERTY' stringId='NAME'>ROBOT_NODE_NAME</PROPERTY>
		<PROPERTY classId='String' name='COMMENT_PROPERTY' stringId='COMMENT'/>
		<PROPERTY classId='Bool' name='PROTECTED_PROPERTY' stringId='PROTECTED'>FALSE</PROPERTY>
		<PROPERTY classId='Bool' name='TRANSPARENT_PROPERTY' stringId='MATERIAL_TRANSPARENCY'>FALSE</PROPERTY>
		<PROPERTY classId='Bool' name='VISIBLE_PROPERTY' stringId='MATERIAL_VISIBILITY'>TRUE</PROPERTY>
		<PROPERTY classId='Bool' name='CLICKABLE_PROPERTY' stringId='CLICKABLE'>TRUE</PROPERTY>
		<PROPERTY classId='String' name='nodeType' stringId='com.kineocam.kitenet.property.nodeType'>RobotNode</PROPERTY>
		<DEVICE id='12'>
			<PROPERTY classId='UnicodeString' name='NAME_PROPERTY' stringId='NAME'>Controller1:tx60</PROPERTY>
			<PROPERTY classId='String' name='COMMENT_PROPERTY' stringId='COMMENT'/>
			<PROPERTY classId='Bool' name='PROTECTED_PROPERTY' stringId='PROTECTED'>FALSE</PROPERTY>
			<PROPERTY classId='Bool' name='TRANSPARENT_PROPERTY' stringId='MATERIAL_TRANSPARENCY'>FALSE</PROPERTY>
			<PROPERTY classId='Bool' name='VISIBLE_PROPERTY' stringId='MATERIAL_VISIBILITY'>TRUE</PROPERTY>
			<PROPERTY classId='Bool' name='CLICKABLE_PROPERTY' stringId='CLICKABLE'>TRUE</PROPERTY>
			<PROPERTY classId='String' name='Version' stringId='com.kineocam.kitenet.property.version'>version_2015_06_29_15h36m23s</PROPERTY>
			<PROPERTY classId='String' name='deviceType' stringId='com.kineocam.kitenet.property.deviceType'>Robot</PROPERTY>
			<PROPERTY classId='String' name='com.staubli.Id' stringId='com.staubli.Id'>e60ee443-3b43-4ff2-b8e3-79e3f39b689a</PROPERTY>
			<PROPERTY classId='Bool' name='Prevent Copy' stringId='com.kineocam.property.prevent-copy'>TRUE</PROPERTY>
			<PROPERTY classId='Bool' name='Detect collision group construction' stringId='com.kineocam.property.collision-group-set'>TRUE</PROPERTY>
			<PROPERTY classId='Bool' name='Display Overlay' stringId='DEVICE_OVERLAY'>FALSE</PROPERTY>
			<ANCHOR_JOINT id='13'>
				<PROPERTY classId='UnicodeString' name='NAME_PROPERTY' stringId='NAME'>Base</PROPERTY>
				<PROPERTY classId='String' name='COMMENT_PROPERTY' stringId='COMMENT'/>
				<PROPERTY classId='Bool' name='PROTECTED_PROPERTY' stringId='PROTECTED'>TRUE</PROPERTY>
				<PROPERTY classId='Bool' name='TRANSPARENT_PROPERTY' stringId='MATERIAL_TRANSPARENCY'>FALSE</PROPERTY>
				<PROPERTY classId='Bool' name='VISIBLE_PROPERTY' stringId='MATERIAL_VISIBILITY'>TRUE</PROPERTY>
				<PROPERTY classId='Bool' name='CLICKABLE_PROPERTY' stringId='CLICKABLE'>TRUE</PROPERTY>
				<PROPERTY classId='Integer' name='jointType' stringId='com.kineocam.kitenet.property.jointType'>1</PROPERTY>
				<PROPERTY classId='Bool' name='Prevent Copy' stringId='com.kineocam.property.prevent-copy'>TRUE</PROPERTY>
				<PROPERTY classId='String' name='com.staubli.Id' stringId='com.staubli.Id'>4475a731-4593-4fcf-9cf0-c0bf53776c4d</PROPERTY>
				<PROPERTY classId='Bool' name='Display Path' stringId='JOINT_DISPLAY_PATH'>FALSE</PROPERTY>
				<PROPERTY classId='Bool' name='Locked' stringId='JOINT_LOCKED'>TRUE</PROPERTY>
				<PROPERTY classId='Double' name='Max Sweep' stringId='JOINT_MAX_SWEEP'>204.95669555664062</PROPERTY>
				<PROPERTY classId='Double' name='Min Max Sweep' stringId='JOINT_MIN_MAX_SWEEP'>0</PROPERTY>
				<STEERING_LINEAR id='14'>
					<PROPERTY classId='UnicodeString' name='NAME_PROPERTY' stringId='NAME'>Linear</PROPERTY>
					<PROPERTY classId='String' name='COMMENT_PROPERTY' stringId='COMMENT'/>
					<PROPERTY classId='Bool' name='PROTECTED_PROPERTY' stringId='PROTECTED'>FALSE</PROPERTY>
					<PROPERTY classId='Bool' name='Prevent Copy' stringId='com.kineocam.property.prevent-copy'>TRUE</PROPERTY>
					<PROPERTY classId='Bool' name='Oriented' stringId='STEERING_METHOD_ORIENTED'>FALSE</PROPERTY>
				</STEERING_LINEAR>
				<SOLID_REF id='15' neededComponentIds='2' referencedComponentId='2'>
					<PROPERTY classId='Bool' name='PROTECTED_PROPERTY' stringId='PROTECTED'>FALSE</PROPERTY>
					<PROPERTY classId='Bool' name='Prevent Copy' stringId='com.kineocam.property.prevent-copy'>TRUE</PROPERTY>
				</SOLID_REF>
				<SOLID_REF id='16' neededComponentIds='9' referencedComponentId='9'>
					<PROPERTY classId='Bool' name='PROTECTED_PROPERTY' stringId='PROTECTED'>FALSE</PROPERTY>
					<PROPERTY classId='Bool' name='Prevent Copy' stringId='com.kineocam.property.prevent-copy'>TRUE</PROPERTY>
				</SOLID_REF>
				<SOLID_REF id='17' neededComponentIds='10' referencedComponentId='10'>
					<PROPERTY classId='Bool' name='PROTECTED_PROPERTY' stringId='PROTECTED'>FALSE</PROPERTY>
					<PROPERTY classId='Bool' name='Prevent Copy' stringId='com.kineocam.property.prevent-copy'>TRUE</PROPERTY>
				</SOLID_REF>
				<COLLISION_PAIRS id='18'>
					<PROPERTY classId='UnicodeString' name='NAME_PROPERTY' stringId='NAME'>Collision Pairs</PROPERTY>
					<PROPERTY classId='String' name='COMMENT_PROPERTY' stringId='COMMENT'/>
					<PROPERTY classId='Bool' name='PROTECTED_PROPERTY' stringId='PROTECTED'>FALSE</PROPERTY>
					<COMPONENT_REF id='19' neededComponentIds='20' referencedComponentId='20'>
						<PROPERTY classId='Bool' name='PROTECTED_PROPERTY' stringId='PROTECTED'>FALSE</PROPERTY>
					</COMPONENT_REF>
					<COMPONENT_REF id='21' neededComponentIds='22' referencedComponentId='22'>
						<PROPERTY classId='Bool' name='PROTECTED_PROPERTY' stringId='PROTECTED'>FALSE</PROPERTY>
					</COMPONENT_REF>
					<COMPONENT_REF id='23' neededComponentIds='24' referencedComponentId='24'>
						<PROPERTY classId='Bool' name='PROTECTED_PROPERTY' stringId='PROTECTED'>FALSE</PROPERTY>
					</COMPONENT_REF>
					<COMPONENT_REF id='25' neededComponentIds='26' referencedComponentId='26'>
						<PROPERTY classId='Bool' name='PROTECTED_PROPERTY' stringId='PROTECTED'>FALSE</PROPERTY>
					</COMPONENT_REF>
					<COMPONENT_REF id='27' neededComponentIds='28' referencedComponentId='28'>
						<PROPERTY classId='Bool' name='PROTECTED_PROPERTY' stringId='PROTECTED'>FALSE</PROPERTY>
					</COMPONENT_REF>
				</COLLISION_PAIRS>
				<ROTATION_JOINT_Z id='29'>
					<PROPERTY classId='UnicodeString' name='NAME_PROPERTY' stringId='NAME'>a1</PROPERTY>
					<PROPERTY classId='String' name='COMMENT_PROPERTY' stringId='COMMENT'/>
					<PROPERTY classId='Bool' name='PROTECTED_PROPERTY' stringId='PROTECTED'>FALSE</PROPERTY>
					<PROPERTY classId='Bool' name='TRANSPARENT_PROPERTY' stringId='MATERIAL_TRANSPARENCY'>FALSE</PROPERTY>
					<PROPERTY classId='Bool' name='VISIBLE_PROPERTY' stringId='MATERIAL_VISIBILITY'>FALSE</PROPERTY>
					<PROPERTY classId='Bool' name='CLICKABLE_PROPERTY' stringId='CLICKABLE'>TRUE</PROPERTY>
					<PROPERTY classId='Bool' name='Prevent Copy' stringId='com.kineocam.property.prevent-copy'>TRUE</PROPERTY>
					<PROPERTY classId='String' name='com.staubli.Id' stringId='com.staubli.Id'>da7e3f68-5a24-4393-bc40-98e6d1fd340a</PROPERTY>
					<PROPERTY classId='Bool' name='Display Path' stringId='JOINT_DISPLAY_PATH'>FALSE</PROPERTY>
					<PROPERTY classId='Bool' name='Locked' stringId='JOINT_LOCKED'>FALSE</PROPERTY>
					<PROPERTY classId='Double' name='Max Sweep' stringId='JOINT_MAX_SWEEP'>302.99545288085937</PROPERTY>
					<PROPERTY classId='Double' name='Min Max Sweep' stringId='JOINT_MIN_MAX_SWEEP'>0</PROPERTY>
					<DOF id='30'>
						<PROPERTY classId='UnicodeString' name='NAME_PROPERTY' stringId='NAME'>R</PROPERTY>
						<PROPERTY classId='String' name='COMMENT_PROPERTY' stringId='COMMENT'/>
						<PROPERTY classId='Bool' name='PROTECTED_PROPERTY' stringId='PROTECTED'>FALSE</PROPERTY>
						<PROPERTY classId='Bool' name='Revolute' stringId='DOF_REVOLUTE'>TRUE</PROPERTY>
						<PROPERTY classId='Double' name='Min' stringId='DOF_MIN_VALUE'>-3.1415926535897931</PROPERTY>
						<PROPERTY classId='Double' name='Max' stringId='DOF_MAX_VALUE'>3.1415926535897931</PROPERTY>
						<PROPERTY classId='Double' name='Lock' stringId='DOF_LOCKED_VALUE'>0</PROPERTY>
						<PROPERTY classId='Double' name='V' stringId='DOF_VALUE'>0</PROPERTY>
						<PROPERTY classId='Bool' name='Locked' stringId='DOF_LOCKED'>FALSE</PROPERTY>
						<PROPERTY classId='Bool' name='Bounded' stringId='DOF_BOUNDED'>TRUE</PROPERTY>
						<PROPERTY classId='Double' name='User Weight' stringId='DOF_USER_WEIGHT_SCALER'>1</PROPERTY>
						<PROPERTY classId='Double' name='Axis X' stringId='AXIS_X'>0</PROPERTY>
						<PROPERTY classId='Double' name='Axis Y' stringId='AXIS_Y'>0</PROPERTY>
						<PROPERTY classId='Double' name='Axis Z' stringId='AXIS_Z'>1</PROPERTY>
					</DOF>
					<STEERING_LINEAR id='31'>
						<PROPERTY classId='UnicodeString' name='NAME_PROPERTY' stringId='NAME'>Linear</PROPERTY>
						<PROPERTY classId='String' name='COMMENT_PROPERTY' stringId='COMMENT'/>
						<PROPERTY classId='Bool' name='PROTECTED_PROPERTY' stringId='PROTECTED'>FALSE</PROPERTY>
						<PROPERTY classId='Bool' name='Prevent Copy' stringId='com.kineocam.property.prevent-copy'>TRUE</PROPERTY>
						<PROPERTY classId='Bool' name='Oriented' stringId='STEERING_METHOD_ORIENTED'>FALSE</PROPERTY>
					</STEERING_LINEAR>
					<SOLID_REF id='32' neededComponentIds='3' referencedComponentId='3'>
						<PROPERTY classId='Bool' name='PROTECTED_PROPERTY' stringId='PROTECTED'>FALSE</PROPERTY>
						<PROPERTY classId='Bool' name='Prevent Copy' stringId='com.kineocam.property.prevent-copy'>TRUE</PROPERTY>
					</SOLID_REF>
					<COLLISION_PAIRS id='33'>
						<PROPERTY classId='UnicodeString' name='NAME_PROPERTY' stringId='NAME'>Collision Pairs</PROPERTY>
						<PROPERTY classId='String' name='COMMENT_PROPERTY' stringId='COMMENT'/>
						<PROPERTY classId='Bool' name='PROTECTED_PROPERTY' stringId='PROTECTED'>FALSE</PROPERTY>
						<COMPONENT_REF id='34' neededComponentIds='22' referencedComponentId='22'>
							<PROPERTY classId='Bool' name='PROTECTED_PROPERTY' stringId='PROTECTED'>FALSE</PROPERTY>
						</COMPONENT_REF>
						<COMPONENT_REF id='35' neededComponentIds='24' referencedComponentId='24'>
							<PROPERTY classId='Bool' name='PROTECTED_PROPERTY' stringId='PROTECTED'>FALSE</PROPERTY>
						</COMPONENT_REF>
						<COMPONENT_REF id='36' neededComponentIds='26' referencedComponentId='26'>
							<PROPERTY classId='Bool' name='PROTECTED_PROPERTY' stringId='PROTECTED'>FALSE</PROPERTY>
						</COMPONENT_REF>
						<COMPONENT_REF id='37' neededComponentIds='28' referencedComponentId='28'>
							<PROPERTY classId='Bool' name='PROTECTED_PROPERTY' stringId='PROTECTED'>FALSE</PROPERTY>
						</COMPONENT_REF>
					</COLLISION_PAIRS>
					<ROTATION_JOINT_Z id='20'>
						<PROPERTY classId='UnicodeString' name='NAME_PROPERTY' stringId='NAME'>a2</PROPERTY>
						<PROPERTY classId='String' name='COMMENT_PROPERTY' stringId='COMMENT'/>
						<PROPERTY classId='Bool' name='PROTECTED_PROPERTY' stringId='PROTECTED'>FALSE</PROPERTY>
						<PROPERTY classId='Bool' name='TRANSPARENT_PROPERTY' stringId='MATERIAL_TRANSPARENCY'>FALSE</PROPERTY>
						<PROPERTY classId='Bool' name='VISIBLE_PROPERTY' stringId='MATERIAL_VISIBILITY'>FALSE</PROPERTY>
						<PROPERTY classId='Bool' name='CLICKABLE_PROPERTY' stringId='CLICKABLE'>TRUE</PROPERTY>
						<PROPERTY classId='Bool' name='Prevent Copy' stringId='com.kineocam.property.prevent-copy'>TRUE</PROPERTY>
						<PROPERTY classId='String' name='com.staubli.Id' stringId='com.staubli.Id'>48e6ab3f-b8a5-48da-b040-c60782bae318</PROPERTY>
						<PROPERTY classId='Bool' name='Display Path' stringId='JOINT_DISPLAY_PATH'>FALSE</PROPERTY>
